50, 10, 10, 10
50, 4, 4, 4, 4, 4, 4
50, 10, 10, 10
50, 50, 20, 1
60, 50
60, 50
60, 50
50, 50, 50, 40, 40, 40, 40, 40, 20, 20, 20, 20
50, 50, 50
50, 1, 1
50, 50, 5, 5, 5, 5, 5
50
50, 50
50
50
50, 20, 20, 20
50
50, 5
50, 50
50, 1, 1, 50
20, 20, 20, 20, 20
50, 20, 5, 5, 5
50, 5, 5, 5
10, 10, 10, 10, 10
50, 1, 50
50
50, 20, 5
50
20, 1, 1
50
1, 1, 1, 20
20, 5, 20
5, 5, 5
20, 5, 5, 5, 20
2, 2, 2, 2, 2, 2
5, 5, 5
20, 1, 1, 1, 1, 1
20, 1, 1, 20
20, 20, 20, 1
20, 1, 1, 1, 20
20, 1, 1, 1, 1, 1, 1
5, 20, 5, 1
20, 1, 1, 1
5, 5, 5, 5, 5
20
20
20
20
20
50, 50
1, 1, 1, 1, 1
5, 5, 1
5, 5
1, 1, 1, 1, 1, 5
5, 5, 1
20, 1, 5
5, 5, 5
5, 1
5, 1, 2
1, 1, 1, 1, 1, 1
5, 5, 1
5, 1, 1
1, 1, 1
5, 5, 1
1, 1, 1, 1, 1, 1
1, 5, 5, 5
5, 5, 1, 1
5, 5
5, 5, 1, 1, 1
5, 1, 1, 1
5, 1
5, 5, 1
1, 1, 5
1, 1, 5
5
5
5
5
5
5
5
5
5
5
1, 1, 1, 1, 1
1, 1, 1, 1, 1, 1, 1
1, 1, 1, 1, 1
1, 2
1, 1
1, 1
1, 1, 1
1, 1, 1
1, 1, 1
1, 1, 1
1, 2, 1
1, 1
1, 1, 1
1, 1, 1
1, 1
1, 1, 2
1, 1, 1
1, 1, 1, 1, 1
1, 1, 2
1, 1, 1
1, 1, 1
1, 1, 1
1, 2
1, 1, 1
1, 1, 1
1, 1
1, 1, 1
